6.2
4.8
6.2
6.9
9.2
6.7
6.7
4.7
5.7
6
5.6
2.8
1.9
3.8
4.7
6.1
4.9
1.7
3.1
1.5
3
4.4
3.3
2
1.3
2.2
4.4
5.2
4.4
3.1
5.7
4.1
5
4.2
3.8
5.8
6.1
3.7
3.4
4.7
4.6
5.4
5.7
12.4
16
6.9
4.5
4.2
4.3
7.6
6.7
9.1
6.6
6.2
5.6
3.2
4.5
6.4
7.2
7.2
4.2
5.3
7.9
9.2
10.1
13.1
12.4
15.2
8.5
6.1
4.3
5.6
6.2
5.5
7.4
7.4
12.2
13.6
14.7
12.9
9.6
10.3
9.9
6.2
7.2
8
10.2
11.7
12.2
14
14.7
12.2
11.1
14
14.7
10.7
13.9
12.1
16.3
16.2
15.9
10.9
10
14
15.4
15.2
14.1
20
18.1
16.1
14.5
15.3
16.9
17.6
16.1
17.8
18.8
17.4
14.3
14.8
15.2
18.1
17.3
20.3
22.7
21
18
22.1
21
18.3
18.7
18.8
21.8
21.1
20
17.5
19
17.1
19.4
18.9
17
19
22
23.5
23.8
22.5
23
20.1
19.5
22
17.4
20.7
21.3
19.7
19.3
21.8
21.2
20
19.5
22.6
21.7
24.5
24.1
24.3
19.9
22.8
20.7
22.2
25.1
26.8
24.6
24.9
23.5
23
23.3
22.7
23.8
25
24.7
19.9
21.8
23.8
26.3
27
29.6
27.6
21.7
23.4
26.7
25.5
23
25.9
28.1
27.8
26
26.2
22.4
24.4
26.2
28.8
28.5
26.5
21.9
21.7
22.3
23.9
25.1
24.2
24.3
26.9
27.8
28
27.4
27.5
27.3
27
28.2
28.9
29.9
28.9
28.3
31.1
28.7
27.3
26.9
26.6
25.8
25.7
26.6
29.3
26.1
27.9
25.3
28.5
25.6
26.2
26.3
28.5
28.5
23.5
22
25.2
24.7
26.1
26.5
26.5
27.2
26.7
28.6
29.5
27.7
26
26.8
26.5
24.8
24.8
22.5
23.5
24.6
23.2
25.5
23.2
21.2
19.1
20.5
19.7
21.2
21.6
24.1
25.2
26
25.5
24.3
21.8
20.4
23.9
22.1
24.6
22.3
25.1
21.2
18.5
20.3
18.1
17.3
17.5
16.1
15
15.7
16.3
16.8
21.6
21
21.2
17.8
15.4
17.5
14.7
11.8
18.6
18.1
10.7
15.7
11.4
12.6
13
10.7
12.4
13
13.1
13.9
10
8.3
10.3
9.2
8.9
13.2
12.6
13.5
15.4
12.3
11.6
9.6
8.9
10.8
11.1
14.1
10.5
2.2
3.4
6.6
9.9
10.6
9.5
7.7
9.4
11
9.5
10.1
12.1
9.3
6.8
6.5
7.4
7.1
5.4
5.4
7.3
8
4.9
3
4.7
6
8.6
8
8.1
8.1
11.9
6.9
4.3
4
7.1
4.9
2.4
4.7
4.3
